1,1,122.29,334.45,132.61,58.410000000000025,1,1,1.0
1,2,204.7,251.33,98.31,39.619999999999976,1,1,0.0
1,3,733.24,267.18,72.22000000000003,38.129999999999995,1,1,1.0
2,1,97.49,337.76,136.06,59.84000000000003,1,1,1.0
2,2,204.7,251.42,98.31,39.71000000000001,1,1,0.0
2,3,719.21,268.5,73.63999999999999,39.14999999999998,1,1,1.0
3,1,72.69,341.07,139.51,61.25999999999999,1,1,1.0
3,2,204.7,251.52,98.31,39.78999999999999,1,1,0.0
3,3,705.18,269.83,75.06000000000006,40.170000000000016,1,1,1.0
4,1,47.9,344.39,142.95,62.68000000000001,1,1,1.0
4,2,204.7,251.62,98.31,39.860000000000014,1,1,0.0
4,3,691.15,271.15,76.48000000000002,41.19,1,1,1.0
5,1,23.1,347.7,146.4,64.10000000000002,1,1,1.0
5,2,204.7,251.72,98.31,39.940000000000026,1,1,0.0
5,3,677.12,272.48,77.89999999999998,42.19999999999999,1,1,1.0
6,1,0.0,351.8,147.8,65.89999999999998,1,1,1.0
6,2,204.7,251.82,98.31,40.01999999999998,1,1,0.0
6,3,663.09,273.8,79.31999999999994,43.21999999999997,1,1,1.0
7,1,0.0,355.9,126.1,65.60000000000002,1,1,1.0
7,2,204.7,251.91,98.31,40.099999999999994,1,1,0.0
7,3,649.06,277.21,80.74000000000001,42.150000000000034,1,1,1.0
8,1,0.0,358.9,102.1,66.70000000000005,1,1,1.0
8,2,204.7,252.01,98.31,40.18000000000001,1,1,0.0
8,3,635.03,278.88,81.47000000000003,42.81999999999999,1,1,1.0
9,1,0.0,363.05,76.55,62.55000000000001,1,1,1.0
9,2,204.7,252.11,98.31,40.25999999999999,1,1,0.0
9,3,621.0,280.56,82.20000000000005,43.49000000000001,1,1,1.0
10,1,0.0,367.2,51.0,58.400000000000034,1,1,1.0
10,2,204.7,252.21,98.31,40.34,1,1,0.0
10,3,605.4,282.23,84.14999999999998,44.15999999999997,1,1,1.0
11,1,0.0,375.5,26.3,52.39999999999998,1,1,1.0
11,2,204.7,252.31,98.31,40.410000000000025,1,1,0.0
11,3,589.8,283.9,86.10000000000002,44.83000000000004,1,1,1.0
12,2,204.7,252.4,98.31,40.49999999999997,1,1,0.0
12,3,574.5,286.9,85.89999999999998,43.80000000000001,1,1,0.0
13,2,204.7,252.5,98.31,39.43000000000001,1,1,0.0
13,3,558.9,288.9,87.13,44.47000000000003,1,1,0.0
14,2,204.7,252.6,98.31,38.349999999999994,1,1,1.0
14,3,543.3,290.9,88.37,45.129999999999995,1,1,0.0
15,2,204.7,252.56,98.31,41.04000000000002,1,1,1.0
15,3,527.7,292.9,89.59999999999991,45.80000000000001,1,1,0.0
16,2,204.7,252.53,98.30000000000001,41.04999999999998,1,1,1.0
16,3,510.22,295.34,91.25999999999999,46.94,1,1,0.0
17,2,204.7,252.49,98.29000000000002,41.06,1,1,1.0
17,3,492.74,297.78,92.90999999999997,48.08000000000004,1,1,0.0
18,2,204.7,252.45,98.28000000000003,41.079999999999984,1,1,1.0
18,3,475.26,300.22,94.57000000000005,49.21999999999997,1,1,0.0
19,2,204.7,252.41,98.28000000000003,41.09,1,1,1.0
19,3,457.78,302.66,96.22000000000003,50.35999999999996,1,1,0.0
20,2,204.7,252.38,98.27000000000004,41.10000000000002,1,1,1.0
20,3,440.3,305.1,94.09999999999997,51.5,1,1,0.0
21,2,204.7,252.34,98.25999999999999,41.109999999999985,1,1,1.0
21,3,423.5,307.6,100.79999999999995,52.5,1,1,1.0
22,2,204.7,252.3,98.25,41.129999999999995,1,1,1.0
22,3,404.34,310.16,102.96000000000004,54.15999999999997,1,1,1.0
23,2,204.7,252.27,98.25,41.12999999999997,1,1,1.0
23,3,385.18,312.72,105.12,55.81999999999999,1,1,1.0
24,2,204.7,252.23,98.24000000000001,41.150000000000006,1,1,1.0
24,3,366.02,315.28,107.28000000000003,57.48000000000002,1,1,1.0
25,2,204.7,252.19,98.23000000000002,41.160000000000025,1,1,1.0
25,3,346.86,317.84,109.44,59.14000000000004,1,1,1.0
26,2,204.7,252.16,98.22000000000003,41.16999999999999,1,1,1.0
26,3,327.7,320.4,111.60000000000002,60.80000000000001,1,1,1.0
27,2,204.7,252.12,98.22000000000003,41.18000000000001,1,1,1.0
27,3,306.38,324.47,115.01999999999998,61.17999999999995,1,1,1.0
28,2,204.7,252.08,98.21000000000004,41.19999999999996,1,1,1.0
28,3,285.07,328.53,118.43,61.57000000000005,1,1,1.0
29,2,204.7,252.04,98.19999999999999,41.21000000000001,1,1,1.0
29,3,263.75,332.6,121.85000000000002,61.94999999999999,1,1,1.0
30,2,204.7,252.01,98.19,41.22000000000003,1,1,1.0
30,3,242.43,336.67,123.76999999999998,62.329999999999984,1,1,1.0
31,2,204.7,251.97,98.19,41.22999999999999,1,1,1.0
31,3,221.12,340.73,125.68,62.71999999999997,1,1,1.0
32,2,204.7,251.93,98.18,41.25,1,1,1.0
32,3,199.8,344.8,127.59999999999997,63.099999999999966,1,1,1.0
33,2,204.7,251.9,98.17000000000002,41.24999999999997,1,1,1.0
33,3,174.88,348.15,131.89999999999998,65.58000000000004,1,1,1.0
34,2,204.7,251.86,98.16000000000003,41.26999999999998,1,1,1.0
34,3,149.95,351.5,136.2,68.05000000000001,1,1,1.0
35,2,204.7,251.82,98.16000000000003,41.28000000000003,1,1,1.0
35,3,125.03,354.85,140.49999999999997,70.52999999999997,1,1,1.0
36,2,204.7,251.79,98.15000000000003,41.28999999999999,1,1,1.0
36,3,100.1,358.2,144.8,73.0,1,1,1.0
37,2,204.7,251.75,98.13999999999999,41.31,1,1,1.0
37,3,72.67,363.3,149.06,73.87,1,1,1.0
38,2,204.7,251.71,98.13,41.319999999999965,1,1,1.0
38,3,45.23,368.4,153.34,74.73000000000002,1,1,1.0
39,2,204.7,251.67,98.12,41.34,1,1,1.0
39,3,17.8,373.5,157.6,75.60000000000002,1,1,1.0
40,2,204.7,251.64,98.12,41.34000000000003,1,1,1.0
40,3,0.0,375.54,151.4,79.69999999999999,1,1,1.0
41,2,204.7,251.6,98.11000000000001,41.359999999999985,1,1,1.0
41,3,0.0,380.67,126.85,80.94999999999999,1,1,1.0
42,2,204.7,251.7,98.10000000000002,41.23000000000002,1,1,1.0
42,3,0.0,385.8,102.3,82.19999999999999,1,1,1.0
43,2,204.7,251.8,98.09000000000003,41.110000000000014,1,1,1.0
43,3,0.0,393.7,76.25,74.30000000000001,1,1,1.0
44,2,204.7,251.91,98.09000000000003,40.97999999999999,1,1,1.0
44,3,0.0,401.6,50.2,66.39999999999998,1,1,1.0
45,2,204.7,252.01,98.07999999999998,40.85000000000002,1,1,1.0
45,3,0.0,401.6,22.6,66.39999999999998,1,1,1.0
46,2,204.7,252.11,98.07,40.72999999999996,1,1,1.0
47,2,204.7,252.21,98.06,40.609999999999985,1,1,1.0
48,2,204.7,252.32,98.06,40.47000000000003,1,1,1.0
49,2,204.7,252.42,98.05000000000001,40.349999999999994,1,1,1.0
50,2,204.7,252.52,98.04000000000002,40.22999999999999,1,1,1.0
51,2,204.7,252.62,98.03000000000003,40.10000000000002,1,1,1.0
51,4,948.1,229.38,11.899999999999977,48.84000000000003,1,1,1.0
52,2,204.7,252.73,98.03000000000003,39.97,1,1,1.0
52,4,944.23,228.49,15.769999999999982,52.06,1,1,1.0
53,2,204.7,252.83,98.02000000000004,40.04999999999998,1,1,1.0
53,4,940.37,227.59,19.629999999999995,55.28,1,1,1.0
54,2,204.7,252.93,98.00999999999999,40.120000000000005,1,1,1.0
54,4,936.5,226.7,23.5,58.5,1,1,1.0
55,2,204.7,253.03,98.0,40.20000000000002,1,1,1.0
55,4,932.12,226.28,27.879999999999995,60.390000000000015,1,1,1.0
56,2,204.7,253.14,98.0,40.25999999999999,1,1,1.0
56,4,927.75,225.85,32.25,62.29999999999998,1,1,1.0
57,2,204.7,253.24,97.99000000000001,40.339999999999975,1,1,1.0
57,4,923.38,225.43,36.620000000000005,64.19,1,1,1.0
58,2,204.7,253.34,97.98000000000002,40.41999999999999,1,1,1.0
58,4,919.0,225.0,41.0,66.10000000000002,1,1,1.0
59,2,204.7,253.44,97.97000000000003,40.49000000000001,1,1,1.0
59,4,913.11,225.0,46.889999999999986,67.83999999999997,1,1,1.0
60,2,204.7,253.55,97.97000000000003,40.56,1,1,1.0
60,4,907.23,225.0,52.76999999999998,69.58999999999997,1,1,1.0
61,2,204.7,253.65,97.96000000000004,40.640000000000015,1,1,1.0
61,4,901.34,225.0,58.65999999999997,71.32999999999998,1,1,1.0
62,2,204.7,253.75,97.94999999999999,40.70999999999998,1,1,1.0
62,4,895.46,225.0,64.53999999999996,73.07,1,1,1.0
62,5,901.24,245.14,8.319999999999936,22.170000000000016,1,1,0.0
63,2,204.7,253.85,97.94,40.78999999999999,1,1,1.0
63,4,889.57,225.0,70.42999999999995,74.81,1,1,1.0
63,5,894.63,245.14,8.470000000000027,24.03000000000003,1,1,0.0
64,2,204.7,253.96,97.94,40.849999999999994,1,1,1.0
64,4,883.69,225.0,76.30999999999995,76.56,1,1,1.0
64,5,888.01,245.14,8.639999999999986,25.900000000000034,1,1,0.0
65,2,204.7,254.06,97.93,40.93000000000001,1,1,1.0
65,4,877.8,225.0,82.20000000000005,78.30000000000001,1,1,1.0
65,5,881.4,245.14,8.800000000000068,27.75999999999999,1,1,0.0
66,2,204.7,254.16,97.92000000000002,41.01000000000002,1,1,1.0
66,4,871.29,225.47,88.71000000000004,79.34,1,1,1.0
66,5,874.85,245.14,8.949999999999932,28.25999999999999,1,1,0.0
67,2,204.7,254.26,97.91000000000003,41.079999999999984,1,1,1.0
67,4,864.77,225.94,95.23000000000002,80.38999999999999,1,1,1.0
67,5,868.3,245.14,9.100000000000023,28.75999999999999,1,1,0.0
68,2,204.7,254.37,97.91000000000003,41.14999999999998,1,1,1.0
68,4,858.26,226.41,101.74000000000001,81.42999999999998,1,1,1.0
68,5,861.23,246.29,9.669999999999959,28.680000000000035,1,1,0.0
69,2,204.7,254.47,97.90000000000003,41.22999999999999,1,1,1.0
69,4,851.74,226.89,108.25999999999999,82.47000000000003,1,1,1.0
69,5,854.17,247.45,10.230000000000018,28.579999999999984,1,1,0.0
70,2,204.7,254.57,97.88999999999999,41.30000000000001,1,1,1.0
70,4,845.23,227.36,114.76999999999998,83.50999999999999,1,1,1.0
70,5,847.1,248.6,10.799999999999955,28.50000000000003,1,1,0.0
71,2,204.7,254.67,97.88,41.380000000000024,1,1,1.0
71,4,838.71,227.83,121.28999999999996,84.55999999999997,1,1,1.0
71,5,839.3,250.13,12.330000000000041,28.19999999999999,1,1,0.0
72,2,204.7,254.78,97.88,41.440000000000026,1,1,1.0
72,4,832.2,228.3,127.79999999999995,85.59999999999997,1,1,1.0
72,5,831.5,251.67,13.870000000000005,27.900000000000006,1,1,0.0
73,2,204.7,254.88,97.87,41.51999999999998,1,1,1.0
73,4,824.65,229.2,135.35000000000002,86.55000000000001,1,1,1.0
73,5,823.7,253.2,15.399999999999977,27.600000000000023,1,1,0.0
74,2,204.7,254.98,97.86000000000001,41.380000000000024,1,1,1.0
74,4,817.09,230.1,142.90999999999997,87.50000000000003,1,1,1.0
74,5,815.15,253.9,18.399999999999977,28.049999999999983,1,1,0.0
75,2,204.7,255.08,97.85000000000002,41.22999999999999,1,1,1.0
75,4,809.54,231.0,150.46000000000004,88.44999999999999,1,1,1.0
75,5,806.6,254.6,21.399999999999977,28.50000000000003,1,1,0.0
76,2,204.7,255.19,97.85000000000002,41.079999999999984,1,1,1.0
76,4,801.98,231.9,158.01999999999998,89.4,1,1,1.0
76,5,797.57,256.3,21.399999999999977,28.129999999999995,1,1,0.0
77,2,204.7,255.29,97.84000000000003,40.930000000000035,1,1,1.0
77,4,794.43,232.8,165.57000000000005,90.34999999999997,1,1,1.0
77,5,788.53,258.0,21.399999999999977,27.769999999999982,1,1,0.0
78,2,204.7,255.39,97.82999999999998,40.79000000000002,1,1,1.0
78,4,786.87,233.7,173.13,91.30000000000001,1,1,1.0
78,5,779.5,259.7,21.399999999999977,27.400000000000034,1,1,0.0
79,2,204.7,255.49,97.82,40.639999999999986,1,1,1.0
79,4,777.9,235.1,175.85000000000002,92.20000000000002,1,1,1.0
79,5,769.8,260.13,22.75,27.819999999999993,1,1,0.0
79,6,948.58,236.77,11.419999999999959,30.919999999999987,1,1,0.0
80,2,204.7,255.59,97.82,40.49999999999997,1,1,1.0
80,4,768.93,236.5,178.57000000000005,93.10000000000002,1,1,1.0
80,5,760.1,260.55,24.100000000000023,28.25,1,1,0.0
80,6,942.24,237.99,13.860000000000014,30.649999999999977,1,1,0.0
81,2,204.7,255.7,97.81,40.34000000000003,1,1,1.0
81,4,759.97,237.0,182.13,94.89999999999998,1,1,1.0
81,5,750.4,260.98,25.450000000000045,28.66999999999996,1,1,0.0
81,6,935.9,239.2,16.300000000000068,30.400000000000034,1,1,0.0
82,2,204.7,255.8,97.80000000000001,40.19999999999999,1,1,1.0
82,4,751.0,237.5,185.70000000000005,96.69999999999999,1,1,1.0
82,5,740.7,261.4,26.799999999999955,29.100000000000023,1,1,0.0
82,6,924.63,239.93,21.5,30.639999999999986,1,1,0.0
83,2,204.7,255.75,97.84000000000003,40.18000000000001,1,1,1.0
83,4,741.73,238.37,188.76,97.83999999999997,1,1,1.0
83,5,730.15,261.98,28.779999999999973,29.16999999999996,1,1,0.0
83,6,913.37,240.67,26.700000000000045,30.859999999999985,1,1,0.0
84,2,204.7,255.69,97.88,40.170000000000016,1,1,1.0
84,4,732.46,239.24,191.80999999999995,98.99000000000001,1,1,1.0
84,5,719.6,262.55,30.75,29.25,1,1,0.0
84,6,902.1,241.4,31.899999999999977,31.099999999999994,1,1,0.0
85,2,204.7,255.64,97.92000000000002,40.150000000000034,1,1,1.0
85,4,723.19,240.11,194.8699999999999,100.13,1,1,1.0
85,5,709.05,263.13,32.73000000000002,29.319999999999993,1,1,0.0
85,6,892.52,241.9,34.81000000000006,31.330000000000013,1,1,0.0
86,2,204.7,255.58,97.96000000000004,40.140000000000015,1,1,1.0
86,4,713.91,240.99,197.93000000000006,101.26999999999998,1,1,1.0
86,5,698.5,263.7,34.700000000000045,29.400000000000034,1,1,0.0
86,6,882.95,242.4,37.69999999999993,31.549999999999983,1,1,0.0
87,2,204.7,255.53,98.0,40.119999999999976,1,1,1.0
87,4,704.64,241.86,200.99,102.40999999999997,1,1,1.0
87,5,687.0,263.7,36.02999999999997,29.400000000000034,1,1,0.0
87,6,873.37,242.9,40.610000000000014,31.78,1,1,0.0
88,2,204.7,255.48,98.04000000000002,40.099999999999994,1,1,1.0
88,4,695.37,242.73,204.03999999999996,103.56000000000003,1,1,1.0
88,5,675.5,263.7,37.370000000000005,29.400000000000034,1,1,0.0
88,6,863.8,243.4,43.5,31.99999999999997,1,1,0.0
89,2,204.7,255.42,98.07999999999998,40.099999999999994,1,1,1.0
89,4,686.1,243.6,207.10000000000002,104.70000000000002,1,1,1.0
89,5,664.0,263.7,38.700000000000045,29.400000000000034,1,1,0.0
89,6,855.87,243.7,45.73000000000002,32.670000000000016,1,1,0.0
90,2,204.7,255.37,98.12,40.079999999999984,1,1,1.0
90,4,674.86,244.79,210.96000000000004,106.35,1,1,1.0
90,5,652.45,264.7,39.25,30.400000000000034,1,1,0.0
90,6,847.93,244.0,47.97000000000003,33.329999999999984,1,1,0.0
91,2,204.7,255.32,98.16000000000003,40.06,1,1,1.0
91,4,663.61,245.98,214.83000000000004,108.01000000000002,1,1,1.0
91,5,640.9,265.7,39.80000000000007,31.400000000000034,1,1,0.0
91,6,840.0,244.3,50.200000000000045,34.0,1,1,0.0
92,2,204.7,255.26,98.19999999999999,40.05000000000001,1,1,1.0
92,4,652.37,247.17,218.70000000000005,109.66,1,1,1.0
92,5,628.63,266.27,51.200000000000045,31.80000000000001,1,1,0.0
92,6,831.13,244.9,51.07000000000005,33.83000000000001,1,1,0.0
93,2,204.7,255.21,98.23000000000002,40.03,1,1,1.0
93,4,641.12,248.36,222.57000000000005,111.32,1,1,1.0
93,5,616.37,266.83,62.60000000000002,32.19999999999999,1,1,0.0
93,6,822.27,245.5,51.930000000000064,33.670000000000016,1,1,0.0
94,2,204.7,255.15,98.27000000000004,40.02000000000001,1,1,1.0
94,4,629.88,249.54,226.42999999999995,112.97999999999999,1,1,1.0
94,5,604.1,267.4,74.0,32.60000000000002,1,1,0.0
94,6,813.4,246.1,52.80000000000007,33.50000000000003,1,1,0.0
95,2,204.7,255.1,98.31,40.00000000000003,1,1,0.0
95,4,618.63,250.73,230.29999999999995,114.64000000000001,1,1,1.0
95,5,591.05,267.4,77.15000000000009,32.60000000000002,1,1,0.0
95,6,804.6,246.83,53.92999999999995,32.27000000000001,1,1,0.0
96,2,204.7,255.1,98.31,39.96000000000001,1,1,0.0
96,4,607.39,251.92,234.16999999999996,116.28999999999999,1,1,1.0
96,5,578.0,267.4,80.29999999999995,32.60000000000002,1,1,0.0
96,6,795.8,247.57,55.07000000000005,31.03000000000003,1,1,0.0
97,2,204.7,255.1,98.31,39.92999999999998,1,1,0.0
97,4,596.14,253.11,238.03999999999996,117.94999999999999,1,1,1.0
97,5,565.43,267.4,82.84000000000003,33.47000000000003,1,1,0.0
97,6,787.0,248.3,56.200000000000045,29.80000000000001,1,1,0.0
98,2,204.7,255.1,98.31,39.890000000000015,1,1,0.0
98,4,584.9,254.3,241.89999999999998,119.59999999999997,1,1,1.0
98,5,552.87,267.4,85.36000000000001,34.33000000000004,1,1,0.0
98,6,777.1,249.1,57.19999999999993,29.00000000000003,1,1,0.0
99,2,204.7,255.1,98.31,39.859999999999985,1,1,0.0
99,4,571.31,255.61,247.23000000000002,121.36000000000001,1,1,1.0
99,5,540.3,267.4,87.90000000000009,35.200000000000045,1,1,0.0
99,6,767.2,249.9,58.19999999999993,28.200000000000017,1,1,0.0
100,2,204.7,255.1,98.31,39.82000000000002,1,1,0.0
100,4,557.73,256.93,252.55999999999995,123.11000000000001,1,1,1.0
100,5,526.3,268.0,90.1400000000001,35.45999999999998,1,1,0.0
100,6,757.3,250.7,59.200000000000045,27.400000000000034,1,1,0.0
101,2,204.7,255.1,98.31,39.78999999999999,1,1,0.0
101,4,544.14,258.24,257.89,124.87,1,1,1.0
101,5,512.3,268.6,92.38,35.71999999999997,1,1,0.0
101,6,744.92,251.08,61.180000000000064,24.99999999999997,1,1,0.0
102,2,204.7,255.1,98.31,39.75000000000003,1,1,0.0
102,4,530.56,259.56,263.21000000000004,126.63,1,1,1.0
102,5,498.3,269.2,94.61999999999995,35.98000000000002,1,1,0.0
102,6,732.55,251.45,63.15000000000009,22.600000000000023,1,1,0.0
103,2,204.7,255.1,98.31,39.71000000000001,1,1,0.0
103,4,516.97,260.87,268.53999999999996,128.39,1,1,1.0
103,7,952.7,229.17,7.2999999999999545,36.26000000000002,1,1,1.0
103,5,484.3,269.8,96.85999999999996,36.24000000000001,1,1,0.0
103,6,720.17,251.83,65.13,20.19999999999996,1,1,0.0
104,2,204.7,255.1,98.31,39.67999999999998,1,1,0.0
104,4,503.39,262.19,273.87,130.14,1,1,1.0
104,7,948.73,224.44,11.269999999999982,41.45999999999998,1,1,1.0
104,5,470.3,270.4,99.09999999999997,36.5,1,1,0.0
104,6,707.8,252.2,67.10000000000002,17.80000000000001,1,1,0.0
105,2,204.7,255.1,98.31,39.640000000000015,1,1,0.0
105,4,489.8,263.5,279.2,131.89999999999998,1,1,1.0
105,7,944.76,219.72,15.240000000000009,46.650000000000006,1,1,1.0
105,5,456.5,271.12,100.15999999999997,36.95999999999998,1,1,0.0
105,6,694.43,252.9,70.54000000000008,17.869999999999976,1,1,0.0
106,2,204.7,255.1,98.31,39.609999999999985,1,1,0.0
106,4,473.97,265.2,285.30999999999995,134.82999999999998,1,1,1.0
106,7,940.79,215.0,19.210000000000036,51.829999999999984,1,1,1.0
106,5,442.7,271.84,101.21999999999997,37.420000000000016,1,1,0.0
106,6,681.07,253.6,73.95999999999992,17.92999999999998,1,1,0.0
107,2,204.7,255.1,98.31,39.57000000000002,1,1,0.0
107,4,458.14,266.9,291.43000000000006,137.77000000000004,1,1,1.0
107,7,936.82,215.0,23.17999999999995,52.30000000000001,1,1,1.0
107,5,428.9,272.56,102.27999999999997,37.879999999999995,1,1,0.0
107,6,667.7,254.3,77.39999999999998,18.0,1,1,0.0
108,2,204.7,255.1,98.31,39.53999999999999,1,1,0.0
108,4,442.32,268.6,297.53000000000003,140.7,1,1,1.0
108,7,932.85,215.0,27.149999999999977,52.76999999999998,1,1,1.0
108,5,415.1,273.28,103.34000000000003,38.34000000000003,1,1,0.0
108,6,652.3,255.05,80.90000000000009,18.849999999999966,1,1,0.0
109,2,204.7,255.1,98.31,39.50000000000003,1,1,0.0
109,4,426.49,270.3,303.64,143.63,1,1,1.0
109,7,928.88,215.0,31.120000000000005,53.23000000000002,1,1,1.0
109,5,401.3,274.0,104.39999999999998,38.80000000000001,1,1,0.0
109,6,636.9,255.8,84.39999999999998,19.69999999999999,1,1,0.0
110,2,204.7,255.1,98.31,39.46000000000001,1,1,0.0
110,4,410.66,272.0,309.75999999999993,146.57,1,1,1.0
110,7,924.91,215.0,35.09000000000003,53.69999999999999,1,1,1.0
110,5,386.9,274.9,106.07000000000005,39.57000000000005,1,1,0.0
110,6,621.5,256.55,87.89999999999998,20.55000000000001,1,1,0.0
111,2,204.7,255.1,98.31,39.42999999999998,1,1,0.0
111,4,394.83,273.7,315.87000000000006,149.5,1,1,1.0
111,7,920.94,215.1,39.059999999999945,54.07000000000002,1,1,1.0
111,5,372.5,275.8,107.73000000000002,40.329999999999984,1,1,0.0
111,6,606.1,257.3,91.39999999999998,21.399999999999977,1,1,0.0
112,2,204.7,255.1,98.31,39.390000000000015,1,1,0.0
112,4,375.77,275.46,323.89,152.73000000000002,1,1,1.0
112,7,916.97,215.2,43.02999999999997,54.43000000000001,1,1,1.0
112,5,358.1,276.7,109.39999999999998,41.10000000000002,1,1,0.0
112,6,593.25,257.63,92.63,23.519999999999982,1,1,0.0
113,2,204.7,255.1,98.31,39.359999999999985,1,1,0.0
113,4,356.71,277.21,331.90000000000003,155.96000000000004,1,1,1.0
113,7,913.0,215.3,47.0,54.80000000000001,1,1,1.0
113,5,343.13,277.62,109.85000000000002,41.079999999999984,1,1,0.0
113,6,580.4,257.95,93.85000000000002,25.650000000000034,1,1,0.0
114,2,204.7,255.1,98.31,39.32000000000002,1,1,0.0
114,4,337.65,278.97,339.9200000000001,159.19,1,1,1.0
114,7,907.22,215.6,52.77999999999997,54.900000000000006,1,1,1.0
114,5,328.17,278.54,110.30000000000001,41.06,1,1,0.0
114,6,567.55,258.28,95.07000000000005,27.77000000000004,1,1,0.0
115,2,204.7,255.1,98.31,39.28999999999999,1,1,0.0
115,4,318.59,280.73,347.94,162.40999999999997,1,1,1.0
115,7,901.44,215.9,58.559999999999945,54.99999999999997,1,1,1.0
115,5,313.2,279.46,110.75,41.04000000000002,1,1,0.0
115,6,554.7,258.6,96.29999999999995,29.899999999999977,1,1,0.0
116,2,204.7,255.1,98.31,39.25000000000003,1,1,0.0
116,4,299.52,282.49,355.97,165.64,1,1,1.0
116,7,895.66,216.2,64.34000000000003,55.10000000000002,1,1,1.0
116,5,298.23,280.38,111.19999999999999,41.01999999999998,1,1,0.0
116,6,539.57,259.55,98.44999999999993,31.279999999999973,1,1,0.0
117,2,204.7,255.1,98.31,39.21000000000001,1,1,0.0
117,4,280.46,284.24,363.9800000000001,168.87,1,1,1.0
117,7,889.88,216.5,70.12,55.19999999999999,1,1,1.0
117,5,283.27,281.3,111.65000000000003,41.0,1,1,0.0
117,6,524.43,260.5,100.60000000000002,32.670000000000016,1,1,0.0
118,2,204.7,255.1,98.31,39.17999999999998,1,1,0.0
118,4,261.4,286.0,372.0,172.10000000000002,1,1,1.0
118,7,884.1,216.8,75.89999999999998,55.30000000000001,1,1,1.0
118,5,268.3,282.4,112.09999999999997,40.80000000000001,1,1,0.0
118,6,509.3,261.45,102.74999999999994,34.05000000000001,1,1,0.0
119,2,204.7,255.1,98.31,39.140000000000015,1,1,0.0
119,4,237.35,287.7,384.04999999999995,176.0,1,1,1.0
119,7,879.06,217.11,76.78000000000009,55.879999999999995,1,1,1.0
119,5,251.8,284.0,113.62,40.339999999999975,1,1,0.0
119,6,494.17,262.4,104.90000000000003,35.43000000000001,1,1,0.0
120,2,204.7,255.1,98.31,39.109999999999985,1,1,0.0
120,4,213.3,289.4,396.09999999999997,179.90000000000003,1,1,1.0
120,7,874.01,217.43,77.68000000000006,56.44,1,1,1.0
120,5,235.3,285.12,115.13999999999999,40.360000000000014,1,1,0.0
120,6,479.03,263.35,107.05000000000007,36.81999999999999,1,1,0.0
121,2,204.7,255.1,98.31,39.07000000000002,1,1,0.0
121,4,191.99,291.9,405.46000000000004,183.45000000000005,1,1,1.0
121,7,868.97,217.74,78.55999999999995,57.01999999999998,1,1,1.0
121,5,218.8,286.25,116.65999999999997,40.370000000000005,1,1,0.0
121,6,463.9,264.3,109.20000000000005,38.19999999999999,1,1,0.0
122,2,204.7,255.1,98.31,39.03999999999999,1,1,0.0
122,4,170.68,294.4,414.82,187.0,1,1,1.0
122,7,863.93,218.06,79.44000000000005,57.579999999999984,1,1,1.0
122,5,202.3,287.38,118.18,40.379999999999995,1,1,0.0
122,6,449.54,264.96,110.19,39.18000000000001,1,1,0.0
123,2,204.7,255.1,98.31,39.00000000000003,1,1,0.0
123,4,144.41,296.9,427.74,192.20000000000005,1,1,1.0
123,7,858.89,218.37,80.32000000000005,58.15999999999997,1,1,1.0
123,5,185.8,288.5,119.69999999999999,40.39999999999998,1,1,0.0
123,6,435.19,265.61,111.17000000000002,40.18000000000001,1,1,0.0
124,2,204.7,255.1,98.31,39.16,1,1,0.0
124,4,118.14,299.4,440.65999999999997,197.40000000000003,1,1,1.0
124,7,853.84,218.69,81.21999999999991,58.72000000000003,1,1,1.0
124,5,167.92,289.55,121.33000000000001,40.97999999999996,1,1,0.0
124,6,420.83,266.27,112.16000000000003,41.160000000000025,1,1,0.0
125,2,204.7,255.1,98.31,39.32000000000002,1,1,0.0
125,4,91.87,301.9,453.58000000000004,202.60000000000002,1,1,1.0
125,7,848.8,219.0,82.10000000000002,59.30000000000001,1,1,1.0
125,5,150.05,290.6,122.94999999999999,41.549999999999955,1,1,1.0
125,6,406.47,266.93,113.13999999999999,42.139999999999986,1,1,0.0
126,2,204.7,255.1,98.31,39.47999999999999,1,1,0.0
126,4,65.6,304.4,466.5,207.80000000000007,1,1,1.0
126,7,842.18,219.28,83.67000000000007,59.84,1,1,1.0
126,5,132.17,291.65,124.58000000000001,42.120000000000005,1,1,1.0
126,6,392.11,267.59,114.13,43.120000000000005,1,1,0.0
127,2,204.7,255.1,98.31,39.640000000000015,1,1,0.0
127,4,39.7,307.35,477.34999999999997,211.79999999999995,1,1,1.0
127,7,835.57,219.57,85.2299999999999,60.360000000000014,1,1,1.0
127,5,114.3,292.7,126.2,42.69999999999999,1,1,1.0
127,6,377.76,268.24,115.11000000000001,44.120000000000005,1,1,0.0
128,2,204.7,255.1,98.31,39.79999999999998,1,1,0.0
128,4,11.4,310.3,490.6,215.8,1,1,1.0
128,7,828.95,219.85,86.79999999999995,60.900000000000006,1,1,1.0
128,5,95.95,294.13,127.55,43.47000000000003,1,1,1.0
128,6,363.4,268.9,116.10000000000002,45.10000000000002,1,1,0.0
129,2,204.7,255.1,98.31,39.96000000000001,1,1,0.0
129,4,0.0,313.25,486.95,219.79999999999995,1,1,1.0
129,7,822.33,220.13,88.37,61.44,1,1,1.0
129,5,77.6,295.55,128.9,44.25,1,1,1.0
129,6,348.0,269.82,117.24000000000001,46.28000000000003,1,1,0.0
130,2,204.7,255.1,98.31,40.12000000000003,1,1,0.0
130,4,0.0,316.2,471.9,223.8,1,1,1.0
130,7,815.72,220.42,89.92999999999995,61.96000000000001,1,1,1.0
130,5,59.25,296.98,130.25,45.01999999999998,1,1,1.0
130,6,332.6,270.74,118.38,47.45999999999998,1,1,0.0
131,2,204.7,255.1,98.31,40.28,1,1,0.0
131,4,0.0,319.18,455.02,220.82,1,1,1.0
131,7,809.1,220.7,91.5,62.5,1,1,1.0
131,5,40.9,298.4,131.6,45.80000000000001,1,1,1.0
131,6,317.2,271.66,119.52000000000004,48.639999999999986,1,1,0.0
132,2,204.7,255.1,98.31,40.440000000000026,1,1,0.0
132,4,0.0,322.15,438.14,217.85000000000002,1,1,1.0
132,7,802.14,221.16,92.61000000000001,62.72,1,1,1.0
132,5,22.35,300.1,133.55,46.39999999999998,1,1,1.0
132,6,301.8,272.58,120.65999999999997,49.81999999999999,1,1,0.0
133,2,204.7,255.1,98.31,40.599999999999994,1,1,0.0
133,4,0.0,325.13,421.26,214.87,1,1,1.0
133,8,675.92,533.39,63.960000000000036,6.610000000000014,1,1,1.0
133,7,795.18,221.63,93.72000000000003,62.920000000000016,1,1,1.0
133,5,3.8,301.8,135.5,47.0,1,1,1.0
133,6,286.4,273.5,121.80000000000001,51.0,1,1,0.0
134,2,204.7,255.14,98.31,40.56,1,1,0.0
134,4,0.0,328.1,404.38,211.89999999999998,1,1,1.0
134,8,683.18,527.27,82.71000000000004,12.730000000000018,1,1,1.0
134,7,788.21,222.09,94.83999999999992,63.140000000000015,1,1,1.0
134,5,0.0,301.8,117.9,47.0,1,1,1.0
134,6,270.05,274.6,122.72999999999996,51.16999999999996,1,1,0.0
135,2,204.7,255.18,98.31,40.51999999999998,1,1,0.0
135,4,0.0,331.08,387.5,208.92000000000002,1,1,1.0
135,8,690.43,521.15,101.47000000000003,18.850000000000023,1,1,1.0
135,7,781.25,222.55,95.95000000000005,63.349999999999966,1,1,1.0
135,5,0.0,304.23,100.07,49.16999999999996,1,1,1.0
135,6,253.7,275.7,123.67000000000002,51.329999999999984,1,1,0.0
136,2,204.7,255.22,98.31,40.47999999999999,1,1,0.0
136,4,0.0,334.05,368.93,205.95,1,1,1.0
136,8,697.69,515.33,111.33999999999992,24.66999999999996,1,1,1.0
136,7,774.29,223.01,97.06000000000006,63.56999999999999,1,1,1.0
136,5,0.0,306.67,82.23,44.43000000000001,1,1,1.0
136,6,237.35,276.8,124.6,51.5,1,1,0.0
137,2,204.7,255.26,98.31,40.44,1,1,0.0
137,4,0.0,337.03,350.37,202.97000000000003,1,1,1.0
137,8,704.94,509.52,121.2299999999999,30.480000000000018,1,1,1.0
137,7,767.33,223.48,98.16999999999996,63.77000000000001,1,1,1.0
137,5,0.0,309.1,64.4,39.69999999999999,1,1,1.0
137,6,221.0,277.9,125.52999999999997,51.670000000000016,1,1,0.0
138,2,204.7,255.29,98.31,40.41,1,1,0.0
138,4,0.0,340.0,331.8,200.0,1,1,1.0
138,8,712.2,503.7,131.0999999999999,36.30000000000001,1,1,1.0
138,7,760.36,223.94,99.28999999999996,63.98000000000002,1,1,1.0
138,5,0.0,313.5,46.25,38.35000000000002,1,1,1.0
138,6,204.65,279.0,126.47,51.829999999999984,1,1,0.0
139,2,204.7,255.33,98.31,40.369999999999976,1,1,0.0
139,4,0.0,343.75,310.43,196.25,1,1,1.0
139,8,718.35,498.22,133.42999999999995,41.77999999999997,1,1,1.0
139,7,753.4,224.4,100.39999999999998,64.20000000000002,1,1,1.0
139,5,0.0,317.9,28.1,37.0,1,1,1.0
139,6,188.3,280.1,127.39999999999998,52.0,1,1,0.0
140,2,204.7,255.37,98.31,40.329999999999984,1,1,0.0
140,4,0.0,347.5,289.05,192.5,1,1,1.0
140,8,724.5,492.74,135.76,47.25999999999999,1,1,1.0
140,7,745.09,224.83,101.86000000000001,64.55999999999997,1,1,1.0
140,5,0.0,317.9,7.1,37.0,1,1,1.0
140,6,170.53,280.9,129.51000000000002,52.920000000000016,1,1,0.0
141,2,204.7,255.41,98.31,40.28999999999999,1,1,0.0
141,4,0.0,351.25,267.68,188.75,1,1,1.0
141,8,734.7,487.26,134.03999999999996,52.74000000000001,1,1,1.0
141,7,736.78,225.25,103.32000000000005,64.92000000000002,1,1,1.0
141,6,152.75,281.7,131.63,53.84000000000003,1,1,0.0
142,2,204.7,255.45,98.31,40.25,1,1,0.0
142,4,0.0,355.0,246.3,185.0,1,1,1.0
142,8,744.9,481.78,132.32000000000005,58.22000000000003,1,1,1.0
142,7,728.46,225.68,104.78999999999996,65.27999999999997,1,1,1.0
142,6,134.98,282.5,133.74000000000004,54.75999999999999,1,1,0.0
143,2,204.7,255.49,98.31,40.20999999999998,1,1,0.0
143,4,0.0,359.23,223.87,180.76999999999998,1,1,1.0
143,8,755.1,476.3,130.60000000000002,63.69999999999999,1,1,1.0
143,7,720.15,226.1,106.25,65.65,1,1,1.0
143,6,117.2,283.3,135.86,55.68000000000001,1,1,0.0
144,2,204.7,255.53,98.31,40.16999999999999,1,1,0.0
144,4,0.0,363.47,201.43,176.52999999999997,1,1,1.0
144,8,764.92,471.44,128.38,68.56,1,1,1.0
144,7,711.84,226.53,107.70999999999992,66.01000000000002,1,1,1.0
144,6,99.43,284.1,137.97,56.599999999999966,1,1,0.0
145,2,204.7,255.57,98.31,40.129999999999995,1,1,0.0
145,4,0.0,367.7,179.0,172.3,1,1,1.0
145,8,774.74,466.58,126.15999999999997,73.42000000000002,1,1,1.0
145,7,703.53,226.95,109.17000000000007,66.38,1,1,1.0
145,6,81.6,284.1,139.3,57.89999999999998,1,1,1.0
146,2,204.7,255.61,98.31,40.089999999999975,1,1,1.0
146,4,0.0,371.65,154.05,168.35000000000002,1,1,1.0
146,8,784.56,461.72,123.94000000000005,78.27999999999997,1,1,1.0
146,7,695.21,227.38,110.63999999999999,66.73000000000002,1,1,1.0
146,6,63.28,285.58,141.27,58.31999999999999,1,1,1.0
147,2,204.7,255.64,98.31,40.06,1,1,1.0
147,4,0.0,375.6,129.1,164.39999999999998,1,1,1.0
147,8,794.38,456.86,121.72000000000003,83.13999999999999,1,1,1.0
147,7,686.9,227.8,112.10000000000002,67.09999999999997,1,1,1.0
147,6,44.95,287.05,143.25,58.75,1,1,1.0
148,2,204.7,255.68,98.31,40.01999999999998,1,1,1.0
148,4,0.0,379.55,104.15,160.45,1,1,1.0
148,8,804.2,452.0,119.5,88.0,1,1,1.0
148,7,678.6,228.17,112.56999999999994,67.39000000000001,1,1,1.0
148,6,26.62,288.53,145.23,59.170000000000016,1,1,1.0
149,2,204.7,255.72,98.31,39.97999999999999,1,1,1.0
149,4,0.0,383.5,79.2,156.5,1,1,1.0
149,8,812.83,447.9,117.16999999999996,86.12,1,1,1.0
149,7,670.3,228.54,113.04000000000008,67.66999999999999,1,1,1.0
149,6,8.3,290.0,147.2,59.60000000000002,1,1,1.0
150,2,204.7,255.76,98.31,39.94,1,1,1.0
150,4,0.0,396.15,49.1,143.85000000000002,1,1,1.0
150,8,821.45,443.8,114.84999999999991,84.24999999999994,1,1,1.0
150,7,662.0,228.91,113.50999999999999,67.96000000000001,1,1,1.0
150,6,0.0,292.3,136.3,58.599999999999966,1,1,1.0
151,2,204.7,255.8,98.31,39.89999999999998,1,1,1.0
151,4,0.0,408.8,19.0,131.2,1,1,1.0
151,8,830.08,439.7,112.51999999999998,82.37000000000006,1,1,1.0
151,7,653.7,229.29,113.99000000000001,68.23999999999998,1,1,1.0
151,6,0.0,293.55,119.13,57.93000000000001,1,1,1.0
152,2,204.7,256.06,98.31,39.98000000000002,1,1,1.0
152,8,838.7,435.6,110.19999999999993,80.5,1,1,1.0
152,7,645.4,229.66,114.46000000000004,68.53,1,1,1.0
152,6,0.0,294.8,101.95,57.25,1,1,1.0
153,2,204.7,256.32,98.31,40.06999999999999,1,1,1.0
153,8,845.77,431.63,108.68000000000006,79.47000000000003,1,1,1.0
153,7,637.1,230.03,114.92999999999995,68.80999999999997,1,1,1.0
153,6,0.0,296.05,84.78,56.579999999999984,1,1,1.0
154,2,204.7,256.58,98.31,40.150000000000034,1,1,1.0
154,8,852.83,427.67,107.16999999999996,78.43,1,1,1.0
154,7,628.8,230.4,115.40000000000009,69.1,1,1,1.0
154,6,0.0,297.3,67.6,55.89999999999998,1,1,1.0
155,2,204.7,256.84,98.31,40.23000000000002,1,1,1.0
155,8,859.9,423.7,100.10000000000002,77.40000000000003,1,1,1.0
155,7,618.23,230.78,117.26999999999998,69.39000000000001,1,1,1.0
155,6,0.0,299.4,48.67,53.80000000000001,1,1,1.0
156,2,204.7,257.1,98.31,40.31,1,1,1.0
156,8,867.2,420.38,92.79999999999995,75.19999999999999,1,1,1.0
156,7,607.67,231.17,119.13,69.66,1,1,1.0
156,6,0.0,301.5,29.73,51.69999999999999,1,1,1.0
157,2,204.7,257.1,98.31,40.65999999999997,1,1,1.0
157,8,874.5,417.05,85.5,73.0,1,1,1.0
157,7,597.1,231.55,121.0,69.94999999999999,1,1,1.0
157,6,0.0,303.6,10.8,49.599999999999966,1,1,1.0
158,2,204.7,258.0,98.31,40.10000000000002,1,1,1.0
158,8,881.8,413.72,78.20000000000005,70.80999999999995,1,1,1.0
158,7,586.53,231.93,122.87,70.24000000000001,1,1,1.0
159,2,204.7,258.0,98.30000000000001,40.10000000000002,1,1,1.0
159,8,889.1,410.4,70.89999999999998,68.60000000000002,1,1,1.0
159,7,575.97,232.32,124.73000000000002,70.50999999999999,1,1,1.0
160,2,204.7,258.0,98.29000000000002,40.10000000000002,1,1,1.0
160,8,894.85,407.15,65.14999999999998,67.43,1,1,1.0
160,7,565.4,232.7,126.60000000000002,70.80000000000001,1,1,1.0
161,2,204.7,258.0,98.28000000000003,40.10000000000002,1,1,1.0
161,8,900.6,403.9,59.39999999999998,66.27000000000004,1,1,1.0
161,7,558.5,232.7,123.29999999999995,70.80000000000001,1,1,1.0
162,2,204.7,258.0,98.27000000000004,40.10000000000002,1,1,1.0
162,8,906.35,400.66,53.64999999999998,65.08999999999997,1,1,1.0
162,7,550.9,232.7,121.70000000000005,70.80000000000001,1,1,0.0
163,2,204.7,258.0,98.25999999999999,40.10000000000002,1,1,1.0
163,8,912.1,397.41,47.89999999999998,63.91999999999996,1,1,1.0
163,7,538.28,233.35,124.5,71.47999999999999,1,1,0.0
164,2,204.7,258.0,98.24000000000001,40.10000000000002,1,1,1.0
164,8,917.85,394.16,42.14999999999998,62.75999999999999,1,1,1.0
164,7,525.65,234.0,127.30000000000007,72.14999999999998,1,1,0.0
165,2,204.7,258.0,98.23000000000002,40.10000000000002,1,1,1.0
165,8,923.6,390.92,36.39999999999998,61.579999999999984,1,1,1.0
165,7,513.02,234.65,130.11,72.83000000000001,1,1,0.0
166,2,204.7,258.0,98.22000000000003,40.10000000000002,1,1,1.0
166,8,929.13,389.01,30.870000000000005,59.389999999999986,1,1,1.0
166,7,500.4,235.3,132.89999999999998,73.5,1,1,0.0
167,2,204.7,258.0,98.21000000000004,40.10000000000002,1,1,1.0
167,8,934.67,387.11,25.33000000000004,57.19,1,1,1.0
167,7,489.33,235.73,133.62000000000006,73.50000000000003,1,1,0.0
168,2,204.7,258.0,98.19999999999999,40.10000000000002,1,1,1.0
168,8,940.2,385.2,19.799999999999955,55.0,1,1,1.0
168,7,478.27,236.17,134.33000000000004,73.50000000000003,1,1,0.0
169,2,204.7,258.0,98.19,40.10000000000002,1,1,1.0
169,8,945.2,389.5,14.799999999999955,47.14999999999998,1,1,1.0
169,7,467.2,236.6,135.05,73.50000000000003,1,1,0.0
170,2,204.7,258.0,98.17000000000002,40.10000000000002,1,1,1.0
170,8,950.2,393.8,9.799999999999955,39.30000000000001,1,1,1.0
170,7,456.13,237.03,135.76999999999998,73.49999999999997,1,1,0.0
171,2,204.7,258.0,98.16000000000003,40.10000000000002,1,1,1.0
171,8,955.3,393.8,4.7000000000000455,31.30000000000001,1,1,1.0
171,7,445.07,237.47,136.47999999999996,73.50000000000003,1,1,0.0
172,2,204.7,258.0,98.15000000000003,40.10000000000002,1,1,1.0
172,7,434.0,237.9,137.20000000000005,73.49999999999997,1,1,0.0
173,2,204.7,258.0,98.13999999999999,40.10000000000002,1,1,1.0
173,7,422.86,238.3,137.31999999999994,74.45999999999998,1,1,0.0
174,2,204.7,258.0,98.13,40.10000000000002,1,1,1.0
174,7,411.72,238.7,137.43999999999994,75.42000000000002,1,1,0.0
175,2,204.7,258.0,98.12,40.10000000000002,1,1,1.0
175,7,400.58,239.1,137.56,76.38000000000002,1,1,0.0
176,2,204.7,258.0,98.10000000000002,40.10000000000002,1,1,1.0
176,7,389.44,239.5,137.68,77.33999999999997,1,1,1.0
177,2,204.7,258.0,98.09000000000003,40.10000000000002,1,1,1.0
177,7,378.3,239.9,137.8,78.29999999999998,1,1,0.0
178,2,204.7,258.0,98.07999999999998,40.10000000000002,1,1,1.0
178,7,367.5,240.04,137.99,78.16,1,1,0.0
179,2,204.7,258.0,98.07,40.10000000000002,1,1,1.0
179,7,356.7,240.19,138.17000000000002,78.00999999999999,1,1,0.0
180,2,204.7,258.0,98.06,40.10000000000002,1,1,1.0
180,7,345.9,240.33,138.36,77.86999999999998,1,1,0.0
181,2,204.7,258.0,98.05000000000001,40.10000000000002,1,1,1.0
181,7,335.1,240.47,138.53999999999996,77.72999999999999,1,1,0.0
182,2,204.7,258.0,98.03000000000003,40.10000000000002,1,1,1.0
182,7,324.3,240.61,138.72999999999996,77.58999999999997,1,1,0.0
183,2,204.7,258.0,98.02000000000004,40.10000000000002,1,1,1.0
183,7,313.5,240.76,138.91000000000003,77.44,1,1,0.0
184,2,204.7,258.0,98.00999999999999,40.10000000000002,1,1,1.0
184,7,302.7,240.9,139.10000000000002,77.29999999999998,1,1,0.0
185,2,204.7,258.0,98.0,40.10000000000002,1,1,0.0
185,7,290.15,241.57,140.63,78.56,1,1,0.0
186,2,204.7,258.0,90.32999999999998,39.01999999999998,1,1,0.0
186,7,277.6,242.23,142.16999999999996,79.84,1,1,0.0
187,2,204.7,258.0,82.65000000000003,37.94999999999999,1,1,0.0
187,7,265.05,242.9,143.7,81.1,1,1,0.0
188,2,204.7,258.0,74.98000000000002,36.870000000000005,1,1,0.0
188,7,252.5,243.57,145.23000000000002,82.36000000000001,1,1,0.0
189,2,204.7,258.0,67.30000000000001,35.80000000000001,1,1,0.0
189,7,239.95,244.23,146.77000000000004,83.64000000000001,1,1,0.0
190,2,204.7,258.0,56.80000000000001,36.10000000000002,1,1,0.0
190,7,227.4,244.9,148.29999999999998,84.9,1,1,0.0
